-0.011153305675399466 -0.011153305675399466 -0.011153305675399466 -0.011153305675399466 -0.011153305675399466 -0.002786750763144248 -0.002786750763144248 -0.002786750763144248 -0.002786750763144248 -0.002786750763144248 0 0 0.0007654702519520446 0.0015309405039040892 0.0030618810078081784 0.0045928215117122676 0.0045928215117122676 0.003827351259760223 0.0030618810078081784 0.0047179146461094126 0.0095609224266159712 0.0095609224266159712 0.012747896568821294 0.015934870711026616 0.015934870711026616 0.0095609224266159712 0.0095609224266159712 0.0063739482844106469 0.0031869741422053234 0 0 0 0 0 0 0 0 0 0 0 0 0 0 0 0 0 0 0 0 0 
-0.011153305675399466 -0.016729958513099198 -0.016729958513099198 -0.016729958513099198 -0.016729958513099198 -0.0083634036008439806 -0.0055735015262884961 -0.0055735015262884961 -0.0055735015262884961 -0.0055735015262884961 -0.002786750763144248 0.0007654702519520446 0.0015309405039040892 0.0022964107558561338 0.003827351259760223 0.0053582917636643117 0.0045928215117122676 0.003827351259760223 0.0030618810078081784 0.0047179146461094126 0.0095609224266159712 0.012747896568821294 0.015934870711026616 0.019121844853231939 0.019121844853231939 0.012747896568821294 0.0095609224266159712 0.0063739482844106469 0.0031869741422053234 0 0 0 0 0 0 0 0 0 0 0 0 0 0 0 0 0 0 0 0 0 
-0.011153305675399466 -0.016729958513099198 -0.027883264188498666 -0.027883264188498666 -0.027883264188498666 -0.019516709276243448 -0.016726807201687961 -0.011147003052576992 -0.011147003052576992 -0.011147003052576992 -0.0083602522894327437 -0.0048080312743364519 0.0045266471062063093 0.0052921173581583544 0.0068230578620624444 0.0083539983659665328 0.0075885281140144877 0.003827351259760223 0.0030618810078081784 0.0047179146461094126 0.0095609224266159712 0.012747896568821294 0.015934870711026616 0.019121844853231939 0.019121844853231939 0.012747896568821294 0.0095609224266159712 0.0063739482844106469 0.0031869741422053234 0 0 0 0 0 0 0 0 0 0 0 0 0 0 0 0 0 0 0 0 0 
-0.011153305675399466 -0.016729958513099198 -0.027883264188498666 -0.033459917026198396 -0.033459917026198396 -0.025093362113943182 -0.022303460039387695 -0.016723655890276724 -0.013933753815721241 -0.013933753815721241 -0.011147003052576992 -0.0075947820374806987 0.0017398963430620613 0.0075223537085085303 0.0090532942124126187 0.010584234716316709 0.0098187644643646637 0.0060575876101103985 0.0030618810078081784 0.0047179146461094126 0.0095609224266159712 0.012747896568821294 0.015934870711026616 0.015934870711026616 0.015934870711026616 0.0095609224266159712 0.0063739482844106469 0.0031869741422053234 0.0031869741422053234 0 0 0 0 0 0 0 0 0 0 0 0 0 0 0 0 0 0 0 0 0 
-0.022306611350798932 -0.027883264188498666 -0.039036569863898127 -0.044613222701597857 -0.033459917026198396 -0.025093362113943182 -0.022303460039387695 -0.016723655890276724 -0.013933753815721241 -0.019507255342009734 -0.016720504578865487 -0.013168283563769196 -0.0038336051832264348 0.0019488521822200334 0.013513766913112971 0.015044707417017061 0.014279237165065016 0.01051806031081075 0.0075223537085085295 0.0015309405039040892 0.0063739482844106469 0.0095609224266159712 0.012747896568821294 0.012747896568821294 0.012747896568821294 0.0063739482844106469 0.0031869741422053234 0 0 0 0 0 0 0 0 0 0 0 0 0 0 0 0 0 0 0 0 0 0 0 
-0.011153305675399466 -0.016729958513099198 -0.027883264188498666 -0.033459917026198396 -0.022306611350798932 -0.025093362113943182 -0.022303460039387695 -0.016723655890276724 -0.013933753815721241 -0.019507255342009734 -0.01372479797656327 -0.010172576961466976 -0.0008378985809242151 0.0049445587845222544 0.016509473515415186 0.016509473515415186 0.015744003263463143 0.011982826409208881 0.0089871198069066613 0.0029957066023022201 0 0.0031869741422053234 0.0063739482844106469 0.0063739482844106469 0.0063739482844106469 0.0063739482844106469 0.0031869741422053234 0 0 0 0 0 0 0 0 0 0 0 0 0 0 0 0 0 0 0 0 0 0 0 
-0.011153305675399466 -0.011153305675399466 -0.022306611350798932 -0.027883264188498666 -0.016729958513099198 -0.019516709276243448 -0.019516709276243448 -0.013936905127132478 -0.011147003052576992 -0.016720504578865487 -0.010938047213419021 -0.0079423406111168021 0.0013923377694259604 0.0071747951348724295 0.018739709865765362 0.018739709865765362 0.015744003263463143 0.011982826409208881 0.0089871198069066613 0.0029957066023022201 0 0 0.0031869741422053234 0.0031869741422053234 0.0031869741422053234 0.0031869741422053234 0.0031869741422053234 0 0 0 0 0 0 0 0 0 0 0 0 0 0 0 0 0 0 0 0 0 0 0 
-0.011153305675399466 -0.011153305675399466 -0.011153305675399466 -0.016729958513099198 -0.005576652837699733 -0.0083634036008439806 -0.0083634036008439806 -0.0083634036008439806 -0.0055735015262884961 -0.011147003052576992 -0.0053645456871305244 -0.0023688390848283043 0.00062686751747391585 0.0064093248829203845 0.017974239613813319 0.017974239613813319 0.0149785330115111 0.011982826409208881 0.0089871198069066613 0.0029957066023022201 0 0 0 0 0 0 0 0 0 0 0 0 0 0 0 0 0 0 0 0 0 0 0 0 0 0 0 0 0 0 
-0.011153305675399466 -0.011153305675399466 -0.011153305675399466 -0.011153305675399466 0 -0.002786750763144248 -0.002786750763144248 -0.002786750763144248 -0.002786750763144248 -0.0083602522894327437 -0.002577794923986276 0.00041791167831594419 0.0034136182806181643 0.0034136182806181643 0.0149785330115111 0.0149785330115111 0.011982826409208881 0.0089871198069066613 0.0089871198069066613 0.0029957066023022201 0 0 0 0 0 0 0 0 0 0 0 0 0 0 0 0 0 0 0 0 0 0 0 0 0 0 0 0 0 0 
0 0 0 0 0 -0.002786750763144248 -0.002786750763144248 -0.002786750763144248 -0.002786750763144248 -0.002786750763144248 0.0029957066023022201 0.0059914132046044403 0.0089871198069066613 0.0089871198069066613 0.0089871198069066613 0.0089871198069066613 0.0059914132046044403 0.0029957066023022201 0.0029957066023022201 0.0029957066023022201 0 0 0 0 0.012672263492210201 0.012672263492210201 0.012672263492210201 0.012672263492210201 0.012672263492210201 0 0 0 0 0 0 0 0 0 0 0 0 0 0 0 0 0 0 0 0 0 
0 0 0 0 0 0 0 0 0 0 0 0.0029957066023022201 0.0059914132046044403 0.0059914132046044403 0.0059914132046044403 0.0096903039818943722 0.0066945973795921512 0.003698890777289931 0.003698890777289931 0.003698890777289931 0.025344526984420402 0.025344526984420402 0.025344526984420402 0.025344526984420402 0.038016790476630605 0.012672263492210201 0.012672263492210201 0.012672263492210201 0.012672263492210201 0 0 0 0 0 0 0 0 0 0 0 0 0 0 0 0 0 0 0 0 0 
0 0 0 0 0 0 -0.00530557779851854 -0.00530557779851854 -0.00530557779851854 -0.00530557779851854 -0.00530557779851854 0.005222890939082357 0.0082185975413845772 0.0082185975413845772 0.0082185975413845772 0.011917488318674507 0.0066945973795921512 0.003698890777289931 0.003698890777289931 0.003698890777289931 0.025344526984420402 0.038016790476630605 0.038016790476630605 0.038016790476630605 0.050689053968840804 0.025344526984420402 0.012672263492210201 0.012672263492210201 0.012672263492210201 0 0 0 0 0 0 0 0 0 0 0 0 0 0 0 0 0 0 0 0 0 
0 0 0 0 0 0 -0.00530557779851854 -0.015916733395555618 -0.015916733395555618 -0.015916733395555618 -0.015916733395555618 -0.0053882646579547231 0.01566867281724707 0.01566867281724707 0.01566867281724707 0.019367563594537004 0.014144672655454646 0.003698890777289931 0.003698890777289931 0.003698890777289931 0.025344526984420402 0.038016790476630605 0.063361317461051003 0.063361317461051003 0.076033580953261209 0.050689053968840804 0.038016790476630605 0.012672263492210201 0.012672263492210201 0 0 0 0 0 0 0 0 0 0 0 0 0 0 0 0 0 0 0 0 0 
0 0 0 0 0 0 -0.00530557779851854 -0.015916733395555618 -0.019698311032281736 -0.019698311032281736 -0.019698311032281736 -0.0091698422946808363 0.011887095180520956 0.019367563594537004 0.019367563594537004 0.023066454371826934 0.017843563432744576 0.007397781554579862 0.013774592709394184 0.013774592709394184 0.03542022891652466 0.048092492408734859 0.073437019393155265 0.076033580953261209 0.088705844445471416 0.063361317461051003 0.050689053968840804 0.025344526984420402 0.012672263492210201 0 0 0 0 0 0 0 0 0 0 0 0 0 0 0 0 0 0 0 0 0 
0 0 0 0 0 0 -0.00530557779851854 -0.015916733395555618 -0.019698311032281736 -0.027261466305733964 -0.027261466305733964 -0.016732997568133064 0.0043239399070687289 0.011804408321084774 0.026765345149116868 0.030464235926406798 0.02524134498732444 0.014795563109159724 0.021172374263974048 0.033925996573602693 0.055571632780733168 0.068243896272943375 0.093588423257363787 0.096184984817469732 0.088705844445471416 0.063361317461051003 0.050689053968840804 0.025344526984420402 0.012672263492210201 0 0 0 0 0 0 0 0 0 0 0 0 0 0 0 0 0 0 0 0 0 
0 0 0 0 0 0 -0.00530557779851854 -0.015916733395555618 -0.019698311032281736 -0.027261466305733964 -0.034824621579186192 -0.024296152841585292 -0.0032392153663834975 0.004241253047632545 0.019202189875664636 0.030464235926406798 0.02524134498732444 0.014795563109159724 0.021172374263974048 0.033925996573602693 0.050378509660521271 0.063050773152731471 0.088395300137151883 0.090991861697257828 0.083512721325259512 0.063361317461051003 0.050689053968840804 0.025344526984420402 0.012672263492210201 0 0 0 0 0 0 0 0 0 0 0 0 0 0 0 0 0 0 0 0 0 
0 0 0 0 0 0 0 -0.01061115559703708 -0.014392733233763194 -0.021955888507215422 -0.02951904378066765 -0.02951904378066765 -0.0084621063054658545 -0.00098163789144981202 0.013979298936582278 0.02524134498732444 0.02524134498732444 0.014795563109159724 0.021172374263974048 0.033925996573602693 0.050378509660521271 0.060454211592625526 0.085798738577045924 0.088395300137151883 0.080916159765153567 0.060764755900945058 0.050689053968840804 0.025344526984420402 0.012672263492210201 0 0 0 0 0 0 0 0 0 0 0 0 0 0 0 0 0 0 0 0 0 
0 0 0 0 0 0 0 0 -0.0037815776367261141 -0.011344732910178342 -0.01890788818363057 -0.01890788818363057 -0.01890788818363057 -0.011427419769614526 0.003533517058417565 0.014795563109159724 0.014795563109159724 0.034946966973368229 0.041323778128182553 0.054077400437811202 0.070529913524729787 0.080605615456834034 0.060454211592625526 0.063050773152731471 0.055571632780733161 0.03542022891652466 0.025344526984420402 0.025344526984420402 0.012672263492210201 0 0 0 0 0 0 0 0 0 0 0 0 0 0 0 0 0 0 0 0 0 
0 0 0 -0.0032137234945971149 -0.0032137234945971149 -0.0032137234945971149 -0.0032137234945971149 -0.0032137234945971149 0 -0.0075631552734522281 -0.015126310546904456 -0.015126310546904456 -0.015126310546904456 -0.015126310546904456 -0.00016537371887236606 0.011096672331869794 0.011096672331869794 0.031248076196078303 0.031248076196078303 0.044001698505706947 0.060454211592625526 0.070529913524729787 0.050378509660521271 0.050378509660521271 0.042899369288522962 0.022747965424314454 0.012672263492210201 0.012672263492210201 0.012672263492210201 0 0 0 0 0 0 0 0 0 0 0 0 0 0 0 0 0 0 0 0 0 
0 0 0 -0.0032137234945971149 -0.0096411704837913448 -0.0096411704837913448 -0.0096411704837913448 -0.0096411704837913448 -0.0064274469891942299 0 -0.0075631552734522281 -0.0075631552734522281 -0.0075631552734522281 -0.0075631552734522281 -0.0075631552734522281 0.003698890777289931 0.003698890777289931 0.023850294641498439 0.023850294641498439 0.023850294641498439 0.040302807728417017 0.050378509660521271 0.030227105796312763 0.030227105796312763 0.030227105796312763 0.010075701932104254 0 0 0 0 0 0 0 0 0 0 0 0 0 0 0 0 0 0 0 0 0 0 0 0 
-0.0064274469891942299 -0.0064274469891942299 -0.0064274469891942299 -0.0096411704837913448 -0.016068617472985575 -0.0096411704837913448 -0.0096411704837913448 -0.0096411704837913448 -0.0064274469891942299 0 0 0 0 0 0 0 0 0.020151403864208509 0.020151403864208509 0.020151403864208509 0.020151403864208509 0.030227105796312763 0.010075701932104254 0.010075701932104254 0.010075701932104254 0.01310747082185155 0.0030317688897472956 0.0030317688897472956 0.0030317688897472956 0.0030317688897472956 0 0 0 0 0 0 0 0 0 0 0 0 0 0 0 0 0 0 0 0 
-0.0064274469891942299 -0.0096411704837913448 -0.0096411704837913448 -0.01285489397838846 -0.01928234096758269 -0.01285489397838846 -0.0096411704837913448 -0.0096411704837913448 -0.0064274469891942299 0 0 0 0 0 0 0 0 0.020151403864208509 0.020151403864208509 0.020151403864208509 0.020151403864208509 0.020151403864208509 0 0 0 0.0030317688897472956 0.0045476533346209434 0.0045476533346209434 0.0045476533346209434 0.0045476533346209434 0.0015158844448736478 0 0 0 0 0 0 0 0 0 0 0 0 0 0 0 0 0 0 0 
-0.0064274469891942299 -0.0096411704837913448 -0.016068617472985575 -0.01928234096758269 -0.025709787956776919 -0.01928234096758269 -0.016068617472985575 -0.0096411704837913448 -0.0064274469891942299 0 0 0 0.0004781163080065402 0.0004781163080065402 0.0004781163080065402 0.0004781163080065402 0.0004781163080065402 0 0 0 0 0 0 0 0 0.0030317688897472956 0.0045476533346209434 0.007579422224368239 0.007579422224368239 0.007579422224368239 0.0045476533346209434 0.0030317688897472956 0 0 0 0 0 0 0 0 0 0 0 0 0 0 0 0 0 0 
-0.0064274469891942299 -0.0096411704837913448 -0.016068617472985575 -0.016068617472985575 -0.022496064462179804 -0.016068617472985575 -0.01285489397838846 -0.0064274469891942299 -0.0064274469891942299 0 0 0 0.0004781163080065402 0.00095623261601308039 0.00095623261601308039 0.00095623261601308039 0.00095623261601308039 0.0004781163080065402 0 0 0 0 0 0.0015158844448736478 0.0015158844448736478 0.0045476533346209434 0.0060635377794945912 0.0090953066692418868 0.007579422224368239 0.007579422224368239 0.0045476533346209434 0.0030317688897472956 0 0 0 0 0 0 0 0 0 0 0 0 0 0 0 0 0 0 
-0.0064274469891942299 -0.0096411704837913448 -0.016068617472985575 -0.016068617472985575 -0.016068617472985575 -0.0096411704837913448 -0.0064274469891942299 0 0 0 0 0 0.0004781163080065402 0.00095623261601308039 0.0019124652320261608 0.0019124652320261608 0.0019124652320261608 0.0014343489240196206 0.00095623261601308039 0 0 0 0 0.0015158844448736478 0.0045476533346209434 0.007579422224368239 0.0090953066692418868 0.012127075558989182 0.010611191114115535 0.007579422224368239 0.0045476533346209434 0.0030317688897472956 0 0 0 0 0 0 0 0 0 0 0 0 0.0066730826970734436 0.0066730826970734436 0.0066730826970734436 0.0066730826970734436 0.0066730826970734436 0 
0 -0.0032137234945971149 -0.0096411704837913448 -0.0096411704837913448 -0.0096411704837913448 -0.0096411704837913448 -0.0064274469891942299 0 0 0 0 0 0.0004781163080065402 0.00095623261601308039 0.0019124652320261608 0.0028686978480392412 0.0028686978480392412 0.002390581540032701 0.0019124652320261608 0.00095623261601308039 0 0 0 0.0015158844448736478 0.0045476533346209434 0.0045476533346209434 0.0060635377794945912 0.0090953066692418868 0.007579422224368239 0.0045476533346209434 -0.0014806204787922292 -0.002996504923665877 -0.0060282738134131725 -0.0060282738134131725 -0.0060282738134131725 0 0 0 0 0 0 0 0 0 0.0066730826970734436 0.02001924809122033 0.02001924809122033 0.02001924809122033 0.02001924809122033 0.013346165394146887 
0 0 -0.0064274469891942299 -0.0064274469891942299 -0.0064274469891942299 -0.0064274469891942299 -0.0064274469891942299 0 0 0 0 0.0004781163080065402 0.00095623261601308039 0.0014343489240196206 0.002390581540032701 0.0033468141560457814 0.0028686978480392412 0.002390581540032701 0.0019124652320261608 0.00095623261601308039 0 0 0 0.0015158844448736478 0.0045476533346209434 0.0045476533346209434 -0.0014806204787922292 0.0015511484109550664 3.5263966081418643e-05 -0.002996504923665877 -0.0090247787370790495 -0.002996504923665877 -0.0060282738134131725 -0.0060282738134131725 -0.0060282738134131725 0 0 0 0 0 0 0 0 0 0.0066730826970734436 0.02001924809122033 0.026692330788293774 0.026692330788293774 0.026692330788293774 0.02001924809122033 
0 0 0 0 0 0 0 0 0 0 0 0.0004781163080065402 0.00095623261601308039 0.0014343489240196206 0.002390581540032701 0.0033468141560457814 0.0028686978480392412 0.002390581540032701 0.0019124652320261608 0.00095623261601308039 0 0 0 0.0015158844448736478 0.0045476533346209434 0.0045476533346209434 -0.0014806204787922292 -0.013537168105618575 -0.015053052550492222 -0.018084821440239519 -0.02411309525365269 -0.018084821440239519 -0.0060282738134131725 -0.0060282738134131725 -0.0060282738134131725 0 0 0 0 0 0 0 0 0 0.0066730826970734436 0.02001924809122033 0.026692330788293774 0.04003849618244066 0.04003849618244066 0.033365413485367215 
0 0 0 0 0 0 0 0 0 0 0 0.0004781163080065402 0.00095623261601308039 0.00095623261601308039 0.0019124652320261608 0.0028686978480392412 0.002390581540032701 0.0019124652320261608 0.0019124652320261608 0.00095623261601308039 0 0 0 0 0.0030317688897472956 0.0030317688897472956 -0.002996504923665877 -0.015053052550492222 -0.021081326363905396 -0.02411309525365269 -0.030141369067065861 -0.02411309525365269 -0.012056547626826345 -0.0060282738134131725 -0.0060282738134131725 0 0 0 0 0 0 0 0 0 0.0066730826970734436 0.02001924809122033 0.026692330788293774 0.04003849618244066 0.046711578879514104 0.04003849618244066 
0 0 0 0 0 0 0 0 0 0 0 0.0004781163080065402 0.00095623261601308039 0.00095623261601308039 0.00095623261601308039 0.0019124652320261608 0.0014343489240196206 0.00095623261601308039 0.00095623261601308039 0.00095623261601308039 0 0 0 0 -0.019528644926438979 -0.019528644926438979 -0.02555691873985215 -0.037613466366678491 -0.043641740180091662 -0.036169642880479032 -0.042197916693892203 -0.036169642880479032 -0.02411309525365269 -0.018084821440239519 -0.0089648564576156886 -0.0029365826442025152 -0.0029365826442025152 -0.0029365826442025152 -0.0029365826442025152 0 0 0 0 0 0 0.013346165394146887 0.02001924809122033 0.033365413485367215 0.04003849618244066 0.046711578879514104 
0 0 0 0 0 0 0 0 0 0 0 0.0004781163080065402 0.00095623261601308039 0.00095623261601308039 0.00095623261601308039 -0.0069562793665838216 -0.0074343956745903618 -0.007912511982596902 -0.007912511982596902 -0.007912511982596902 0 0 0 0 -0.019528644926438979 -0.039057289852877958 -0.045085563666291129 -0.05714211129311747 -0.063170385106530641 -0.055698287806918004 -0.042197916693892203 -0.036169642880479032 -0.02411309525365269 -0.018084821440239519 -0.0089648564576156886 -0.0088097479326075465 -0.0088097479326075465 -0.0088097479326075465 -0.0088097479326075465 -0.0058731652884050304 0 0 0 0 0 0.0093941564582387185 0.016067239155312163 0.029413404549459052 0.036086487246532496 0.042759569943605941 
0 0 0 0 0 0 0 0 0 0 0 0 0.0004781163080065402 0.0004781163080065402 0.0004781163080065402 -0.0074343956745903618 -0.015346907657187263 -0.015825023965193804 -0.015825023965193804 -0.015825023965193804 -0.007912511982596902 0 0 0 -0.019528644926438979 -0.039057289852877958 -0.048821612316097447 -0.060878159942923789 -0.066906433756336953 -0.059434336456724322 -0.045933965343698521 -0.036169642880479032 -0.02411309525365269 -0.018084821440239519 -0.0089648564576156886 -0.0088097479326075465 -0.011746330576810061 -0.011746330576810061 -0.011746330576810061 -0.0088097479326075465 -0.0029365826442025152 0 0 0 0 0.0093941564582387185 0.018788312916477437 0.032134478310624326 0.03880756100769777 0.045480643704771215 
0 0 0 0 0 0 0 0 0 0 0 0 0 0 0 -0.007912511982596902 -0.015825023965193804 -0.031650047930387608 -0.031650047930387608 -0.031650047930387608 -0.023737535947790704 -0.015825023965193804 -0.019528644926438979 -0.019528644926438979 -0.039057289852877958 -0.058585934779316937 -0.068350257242536433 -0.048821612316097447 -0.054849886129510618 -0.047377788829897981 -0.03387741771687218 -0.02411309525365269 -0.029986260542057719 -0.023957986728644548 -0.014838021746020717 -0.014682913221012575 -0.017619495865215089 -0.011746330576810061 -0.011746330576810061 -0.0088097479326075465 -0.0029365826442025152 0 0 0 0 0.0093941564582387185 0.018788312916477437 0.037576625832954874 0.044249708530028319 0.050922791227101763 
0 0 0 0 0 0 0 0 0 0 0 0 0 0 0 -0.007912511982596902 -0.015825023965193804 -0.031650047930387608 -0.039562559912984512 -0.039562559912984512 -0.031650047930387608 -0.023737535947790704 -0.027441156909035883 -0.029292967389658468 -0.048821612316097447 -0.068350257242536433 -0.078114579705755915 -0.058585934779316937 -0.048821612316097447 -0.04134951501648481 -0.027849143903459009 -0.018084821440239519 -0.023957986728644548 -0.026894569372847062 -0.017774604390223232 -0.017619495865215089 -0.020556078509417604 -0.014682913221012575 -0.011746330576810061 -0.0088097479326075465 -0.0029365826442025152 0 0 0 0 0.0093941564582387185 0.018788312916477437 0.037576625832954874 0.046970782291193593 0.053643864988267037 
0 0 0 0 0 0 0 0 0 0 0 0 0 0 0 -0.007912511982596902 -0.015825023965193804 -0.031650047930387608 -0.039562559912984512 -0.055387583878178319 -0.047475071895581415 -0.039562559912984512 -0.043266180874229683 -0.045117991354852276 -0.029292967389658468 -0.048821612316097447 -0.058585934779316937 -0.039057289852877958 -0.029292967389658468 -0.029292967389658468 -0.01579259627663266 -0.0060282738134131725 -0.011901439101818203 -0.014838021746020717 -0.017774604390223232 -0.017619495865215089 -0.020556078509417604 -0.014682913221012575 -0.011746330576810061 -0.0088097479326075465 -0.0029365826442025152 0 0 0 0.0093941564582387185 0.018788312916477437 0.028182469374716156 0.046970782291193593 0.056364938749432311 0.056364938749432311 
0 0 0 0 0 0 0 0 0 0 0 0 0 0 0 0 -0.007912511982596902 -0.023737535947790704 -0.031650047930387608 -0.047475071895581415 -0.055387583878178319 -0.047475071895581415 -0.051178692856826587 -0.053030503337449172 -0.037205479372255372 -0.029292967389658468 -0.039057289852877958 -0.019528644926438979 -0.0097643224632194894 -0.0097643224632194894 -0.0097643224632194894 0 -0.0058731652884050304 -0.0088097479326075465 -0.011746330576810061 -0.011746330576810061 -0.014682913221012575 -0.0088097479326075465 -0.0058731652884050304 -0.0029365826442025152 -0.0029365826442025152 0 0 0 0.0093941564582387185 0.018788312916477437 0.028182469374716156 0.046970782291193593 0.056364938749432311 0.056364938749432311 
0 0 0 0 0 0 0 0 0 0 0 0 0 0 0 0 0 -0.015825023965193804 -0.023737535947790704 -0.039562559912984512 -0.047475071895581415 -0.047475071895581415 -0.051178692856826587 -0.053030503337449172 -0.037205479372255372 -0.029292967389658468 -0.029292967389658468 -0.0097643224632194894 0 0 0 0 -0.0058731652884050304 -0.0088097479326075465 -0.011746330576810061 -0.011746330576810061 -0.011746330576810061 -0.0058731652884050304 -0.0029365826442025152 0 0 0 0 0 0.0093941564582387185 0.018788312916477437 0.018788312916477437 0.037576625832954874 0.046970782291193593 0.046970782291193593 
0 0 0 0 0 0 0 0 0 0 0 0 0 0 0 0 0 0 -0.007912511982596902 -0.023737535947790704 -0.031650047930387608 -0.031650047930387608 -0.031650047930387608 -0.033501858411010194 -0.017676834445816393 -0.0097643224632194894 -0.0097643224632194894 -0.0097643224632194894 0 0 0 0 0 -0.0029365826442025152 -0.0058731652884050304 -0.0058731652884050304 -0.0058731652884050304 -0.0058731652884050304 -0.0029365826442025152 0 0 0 0 0 0.0093941564582387185 0.018788312916477437 0.018788312916477437 0.018788312916477437 0.028182469374716156 0.028182469374716156 
0 0 0 0 0 0 0 0 0 0 0 0 0 0 0 0 0 0 0 -0.015825023965193804 -0.023737535947790704 -0.023737535947790704 -0.023737535947790704 -0.023737535947790704 -0.007912511982596902 0 0 0 0 0 0 0 0 0 -0.0029365826442025152 -0.0029365826442025152 -0.0029365826442025152 -0.0029365826442025152 -0.0029365826442025152 0 0 0 0 0 0.0093941564582387185 0.018788312916477437 0.018788312916477437 0.018788312916477437 0.018788312916477437 0.018788312916477437 
0 0 0 0 0 0 0 0 0 0 0 0 0 0 0 0 0 0 0 0 -0.007912511982596902 -0.007912511982596902 -0.007912511982596902 -0.007912511982596902 -0.007912511982596902 0 0 0 0 0 0 0 0 0 0 0 0 0 0 0 0 0 0 0 0 0.0093941564582387185 0.0093941564582387185 0.0093941564582387185 0.0093941564582387185 0.0093941564582387185 
0 0 0 0 0 0 0 0 0 0 0 0 0 0 0 0 0 0 0 0 0 0 0 0 0 0 0 0 0 0 0 0 0 0 0 0 0 0 0 0 0 0 0 0 0 0 0 0 0 0 
0 0 0 0 0 0 0 0 0 0 0 0 0 0 0 0 0 0 0 0 0 0 0 0 0 0 0 0 0 0 0 0 0 0 0 0 0 0 0 0 0 0 0 0 0 0 0 0 0 0 
0 0 0 0 0 0 0 0 0 0 0 0 0 0 0 0 0 0 0 0 0 0 0 0 0 0 0 0 0 0 0 0 0 0 0 0 0 0 0 0 0 0 0 0 0 0 0 0 0 0 
0 0 0 0.0045188084464285929 0.0045188084464285929 0.0045188084464285929 0.0045188084464285929 0.0045188084464285929 0 0 0 0 0 0 0 0 0 0 0 0 0 0 0 0 0 0 0 0 0 0 0 0 0 0 0 0 0 0 0 0 0 0 0 0 0 0 0 0 0 0 
0 0 0 0.0045188084464285929 0.013556425339285779 0.013556425339285779 0.013556425339285779 0.013556425339285779 0.0090376168928571858 0 0 0 0 0 0 0 0 0 0 0 0 0 0 0 0 0 0 0 0 0 0 0 0 0 0 0 0 0 0 0 0 0 0 0 0 0 0 0 0 0 
0 0 0 0.0045188084464285929 0.013556425339285779 0.022594042232142966 0.022594042232142966 0.022594042232142966 0.018075233785714372 0.0090376168928571858 0 0 0 0 0 0 0 0 0 0 0 0 0 0 0 0 0 0 0 0 0 0 0 0 0 0 0 0 0 0 0 0 0 0 0 0 0 0 0 0 
0 0 0 0.0045188084464285929 0.013556425339285779 0.022594042232142966 0.027112850678571561 0.027112850678571561 0.022594042232142966 0.013556425339285779 0.0045188084464285929 0 0 0 0 0 0 0 0 0 0 0 0 0 0 0 0 0 0 0 0 0 0 0 0 0 0 0 0 0 0 0 0 0 0 0 0 0 0 0 
0 0 0.0045188084464285929 0.0090376168928571858 0.018075233785714372 0.027112850678571561 0.031631659125000156 0.031631659125000156 0.027112850678571561 0.018075233785714372 0.0090376168928571858 0.0045188084464285929 0 0 0 0 0 0 0 0 0 0 0 0 0 0 0 0 0 0 0 0 0 0 0 0 0 0 0 0 0 0 0 0 0 0 0 0 0 0 
0 0 0.0045188084464285929 0.0045188084464285929 0.013556425339285779 0.022594042232142966 0.027112850678571561 0.027112850678571561 0.027112850678571561 0.018075233785714372 0.0090376168928571858 0.0045188084464285929 0 0 0 0 0 0 0 0 0 0 0 0 0 0 0 0 0 0 0 0 0 0 0 0 0 0 0 0 0 0 0 0 0 0 0 0 0 0 
0 0 0.0045188084464285929 0.0045188084464285929 0.0045188084464285929 0.013556425339285779 0.018075233785714372 0.018075233785714372 0.018075233785714372 0.018075233785714372 0.0090376168928571858 0.0045188084464285929 0 0 0 0 0 0 0 0 0 0 0 0 0 0 0 0 0 0 0 0 0 0 0 0 0 0 0 0 0 0 0 0 0 0 0 0 0 0 
