0 0 0 0 0 0 0 0 0 0 0 0 0 0 0 0 0 0 0 0.01412294422796509 0.028245888455930179 0.028245888455930179 0.028245888455930179 0.028245888455930179 0.01412294422796509 0 0 0 0 0 0 0 0 0 0 -0.00048772052610593521 -0.00048772052610593521 -0.00048772052610593521 -0.00048772052610593521 -0.00048772052610593521 0 0 0 0 0 0 0 0 0 0 
0 -0.0081961971438058306 -0.0081961971438058306 -0.0081961971438058306 -0.0081961971438058306 -0.0081961971438058306 0 0 0 0 0 0 0 0 0 0 0 0 0 0.01412294422796509 0.028245888455930179 0.035307360569912724 0.035307360569912724 0.035307360569912724 0.021184416341947634 0.0070614721139825448 0 0 0 0 0 0.0043487544887443269 0.0043487544887443269 0.0043487544887443269 0.0043487544887443269 0.0038610339626383916 -0.00073158078915890284 -0.00073158078915890284 -0.00073158078915890284 -0.00073158078915890284 -0.00024386026305296761 0 0 0 0 0 0 0 0 0 
0 -0.0081961971438058306 -0.024588591431417492 -0.024588591431417492 -0.024588591431417492 -0.024588591431417492 -0.016392394287611661 0 0 0 0 0 0.0053678368511570346 0.0053678368511570346 0.0053678368511570346 0.0053678368511570346 0.0053678368511570346 0.011056634383421464 0.011056634383421464 0.025179578611386554 0.039302522839351643 0.046363994953334188 0.049430304797877814 0.049430304797877814 0.035307360569912724 0.021184416341947634 0.01412294422796509 0 0 0 0 0.0043487544887443269 0.013046263466232982 0.013046263466232982 0.013046263466232982 0.012558542940127045 0.0079659281883297517 -0.001219301315264838 -0.001219301315264838 -0.001219301315264838 -0.00073158078915890284 -0.00048772052610593521 0 0 0 0 0 0 0 0 
-0.0081961971438058306 -0.016392394287611661 -0.032784788575223323 -0.024588591431417492 -0.024588591431417492 -0.024588591431417492 -0.016392394287611661 0 0 0 0 0 0.0053678368511570346 0.010735673702314069 0.010735673702314069 0.010735673702314069 0.010735673702314069 0.016424471234578499 0.023806904029668438 0.037929848257633528 0.052052792485598617 0.059114264599581162 0.062180574444124788 0.049430304797877814 0.035307360569912724 0.021184416341947634 0.01412294422796509 0 0 0 0 0.0043487544887443269 0.013046263466232982 0.017395017954977308 0.017395017954977308 0.016907297428871371 0.012314682677074078 0.0031294531734794885 -0.0014631615783178057 -0.0014631615783178057 -0.00097544105221187042 -0.00073158078915890284 -0.00024386026305296761 0 0 0 0 0 0 0 
-0.024588591431417492 -0.032784788575223323 -0.049177182862834984 -0.040980985719029153 -0.028971295763840995 -0.028971295763840995 -0.020775098620035164 -0.0043827043324235031 -0.0043827043324235031 -0.0043827043324235031 -0.0043827043324235031 -0.0043827043324235031 0.0009851325187335315 0.0063529693698905661 0.021471347404628138 0.021471347404628138 0.021471347404628138 0.027160144936892568 0.034542577731982507 0.035184499094197297 0.049307443322162386 0.056368915436144931 0.059435225280688557 0.046684955634441583 0.035307360569912724 0.021184416341947634 0.01412294422796509 0 0 0 0 0.0043487544887443269 0.013046263466232982 0.017395017954977308 0.02584866666941299 0.025360946143307056 0.020768331391509763 0.011583101887915177 0.0069904871361178809 -0.0017070218413707734 -0.001219301315264838 -0.00097544105221187042 -0.00048772052610593521 -0.00024386026305296761 0 0 0 0 0 0 
-0.040980985719029153 -0.049177182862834984 -0.065569577150446645 -0.057373380006640814 -0.04536369005145266 -0.037736704428687998 -0.029540507284882171 -0.013148112997270509 -0.013148112997270509 -0.013148112997270509 -0.0043827043324235031 -0.0043827043324235031 0.0009851325187335315 0.0063529693698905661 0.021471347404628138 0.032207021106942207 0.032207021106942207 0.037895818639206637 0.045278251434296576 0.045920172796511366 0.046562094158726149 0.053623566272708693 0.056689876117252319 0.043939606471005352 0.032562011406476493 0.021184416341947634 0.01412294422796509 0 0 0 0.0043487544887443269 0.0086975089774886539 0.017395017954977308 0.021743772443721634 0.030197421158157316 0.030197421158157316 0.025604806406360023 0.016419576902765437 0.011826962150968144 0.0031294531734794885 -0.001219301315264838 -0.00097544105221187042 -0.00048772052610593521 -0.00024386026305296761 0 0 0 0 0 0 
-0.040980985719029153 -0.040980985719029153 -0.057373380006640814 -0.049177182862834984 -0.037167492907646829 -0.029540507284882171 -0.033923211617305674 -0.017530817329694012 -0.017530817329694012 -0.017530817329694012 -0.0087654086648470061 -0.0043827043324235031 0.0009851325187335315 0.0063529693698905661 0.021471347404628138 0.032207021106942207 0.037574857958099242 0.043263655490363671 0.050646088285453611 0.051288009647668401 0.051929931009883183 0.052250891690990578 0.055317201535534204 0.042566931889287236 0.031189336824758378 0.019811741760229519 0.01412294422796509 0 0 0 0.0043487544887443269 0.0043487544887443269 0.013046263466232982 0.017395017954977308 0.02584866666941299 0.02584866666941299 0.02584866666941299 0.016663437165818404 0.012070822414021111 0.0033733134365324562 -0.00097544105221187042 -0.00097544105221187042 -0.00048772052610593521 -0.00024386026305296761 0 0 0 0 0 0 
-0.040980985719029153 -0.040980985719029153 -0.040980985719029153 -0.032784788575223323 -0.020775098620035164 -0.013148112997270509 -0.017530817329694012 -0.026296225994541018 -0.026296225994541018 -0.026296225994541018 -0.017530817329694012 -0.013148112997270509 -0.0043827043324235031 0.0009851325187335315 0.016103510553471104 0.026839184255785173 0.032207021106942207 0.037895818639206637 0.045278251434296576 0.045920172796511366 0.046562094158726149 0.046883054839833543 0.041194257307569114 0.028443987661322143 0.017066392596793285 0.0056887975322644285 0 0 0 0 0.0043487544887443269 0.0043487544887443269 0.0043487544887443269 0.0086975089774886539 0.017151157691924337 0.017151157691924337 0.017151157691924337 0.017151157691924337 0.012558542940127045 0.0038610339626383916 -0.00048772052610593521 -0.00048772052610593521 -0.00048772052610593521 -0.00024386026305296761 0 0 0 0 0 0 
-0.032784788575223323 -0.032784788575223323 -0.032784788575223323 -0.032784788575223323 -0.020775098620035164 -0.013148112997270509 -0.017530817329694012 -0.026296225994541018 -0.030678930326964522 -0.030678930326964522 -0.021913521662117515 -0.017530817329694012 -0.0087654086648470061 -0.0043827043324235031 0.010735673702314069 0.021471347404628138 0.026839184255785173 0.032527981788049602 0.032527981788049602 0.033169903150264392 0.033811824512479174 0.034132785193586569 0.028443987661322143 0.028443987661322143 0.017066392596793285 0.0056887975322644285 0 0 0 0 0.0043487544887443269 0.0043487544887443269 0.0043487544887443269 0.0043487544887443269 0.012802403203180011 0.012802403203180011 0.012802403203180011 0.012802403203180011 0.012802403203180011 0.0041048942256913593 -0.00024386026305296761 -0.00024386026305296761 -0.00024386026305296761 -0.00024386026305296761 0 0 0 0 0 0 
-0.016392394287611661 -0.016392394287611661 -0.016392394287611661 -0.016392394287611661 -0.016392394287611661 -0.0087654086648470061 -0.013148112997270509 -0.021913521662117515 -0.026296225994541018 -0.026296225994541018 -0.017530817329694012 -0.013148112997270509 -0.0043827043324235031 0 0 0.010735673702314069 0.016103510553471104 0.021792308085735533 0.021792308085735533 0.021792308085735533 0.022434229447950319 0.022755190129057714 0.017066392596793285 0.017066392596793285 0.017066392596793285 0.0056887975322644285 0 0 0 0 0.0043487544887443269 0.0043487544887443269 0.0043487544887443269 0.0043487544887443269 0.0043487544887443269 0.0043487544887443269 0.0043487544887443269 0.0043487544887443269 0.0043487544887443269 0.0043487544887443269 0 0 0 0 -0.0095806655262636303 -0.0095806655262636303 -0.0095806655262636303 -0.0095806655262636303 -0.0095806655262636303 0 
-0.0099426774380842586 -0.0099426774380842586 -0.0099426774380842586 -0.0099426774380842586 -0.0099426774380842586 0 -0.0043827043324235031 -0.013148112997270509 -0.017530817329694012 -0.017530817329694012 -0.017530817329694012 -0.013148112997270509 -0.0043827043324235031 0 0 0 0.0053678368511570346 0.011056634383421464 0.011056634383421464 0.011056634383421464 0.011056634383421464 0.011377595064528857 0.0056887975322644285 0.0056887975322644285 0.0056887975322644285 0.0056887975322644285 0 0 0 0 0 0 0 0 0 0.0067917925939876972 0.0067917925939876972 0.0067917925939876972 0.0067917925939876972 0.0067917925939876972 0 0 0 0 -0.0095806655262636303 -0.028741996578790889 -0.028741996578790889 -0.028741996578790889 -0.028741996578790889 -0.019161331052527261 
-0.0099426774380842586 -0.019885354876168517 -0.019885354876168517 -0.019885354876168517 -0.019885354876168517 -0.0099426774380842586 0 -0.0087654086648470061 -0.013148112997270509 -0.013148112997270509 -0.013148112997270509 -0.013148112997270509 -0.0043827043324235031 0 0 0 0.0086262434419013528 0.01431504097416578 0.01431504097416578 0.01431504097416578 0.01431504097416578 0.0056887975322644285 0 0 0 0 0 0 0 0 0 0 0 0 0 0.0067917925939876972 0.013583585187975394 0.013583585187975394 0.013583585187975394 0.013583585187975394 0.0067917925939876972 -0.0095806655262636303 -0.0095806655262636303 -0.0095806655262636303 -0.019161331052527261 -0.038322662105054521 -0.028741996578790889 -0.028741996578790889 -0.028741996578790889 -0.019161331052527261 
-0.030449585106933703 -0.04039226254501796 -0.039770709752337034 -0.039770709752337034 -0.039770709752337034 -0.029828032314252774 -0.019885354876168517 0 -0.0043827043324235031 -0.0043827043324235031 -0.0043827043324235031 -0.0043827043324235031 -0.0043827043324235031 0 0 0 0.0086262434419013528 0.025878730325704057 0.025878730325704057 0.025878730325704057 0.025878730325704057 0.017252486883802706 0 0 0 0 0 0 0 0 0 0 0.0067917925939876972 0.0067917925939876972 0.0067917925939876972 0.013583585187975394 0.020375377781963092 0.020375377781963092 0.020375377781963092 0.020375377781963092 0.013583585187975394 -0.0027888729322759331 -0.028741996578790889 -0.028741996578790889 -0.038322662105054521 -0.057483993157581785 -0.047903327631318153 -0.028741996578790889 -0.028741996578790889 -0.019161331052527261 
-0.040703038941358426 -0.050645716379442686 -0.050024163586761761 -0.049713387190421295 -0.049713387190421295 -0.039770709752337034 -0.029828032314252774 -0.0099426774380842586 0 0 0 0 0 0 0 0 0.0086262434419013528 0.025878730325704057 0.034504973767605411 0.034504973767605411 0.034504973767605411 0.025878730325704057 0.0086262434419013528 0 0 0 0 0 0 0 0 0 0.0067917925939876972 0.013583585187975394 0.013583585187975394 0.020375377781963092 0.027167170375950789 0.027167170375950789 0.020375377781963092 0.020375377781963092 0.013583585187975394 -0.0027888729322759331 -0.028741996578790889 -0.038322662105054521 -0.047903327631318153 -0.06706465868384541 -0.057483993157581785 -0.038322662105054521 -0.028741996578790889 -0.019161331052527261 
-0.061209946610207872 -0.071152624048292132 -0.0705310712556112 -0.07022029485927074 -0.069598742066589808 -0.059656064628505555 -0.049713387190421295 -0.029828032314252774 -0.019885354876168517 0 0 0 0 0 0 0 0.0086262434419013528 0.025878730325704057 0.034504973767605411 0.05175746065140812 0.05175746065140812 0.043131217209506766 0.025878730325704057 0.017252486883802706 0 0 0 0 0 0 0 0 0.0067917925939876972 0.013583585187975394 0.027167170375950789 0.033958962969938486 0.040750755563926183 0.040750755563926183 0.033958962969938486 0.020375377781963092 0.013583585187975394 -0.0027888729322759331 -0.028741996578790889 -0.038322662105054521 -0.047903327631318153 -0.06706465868384541 -0.057483993157581785 -0.038322662105054521 -0.028741996578790889 -0.019161331052527261 
-0.07177417684097305 -0.08171685427905731 -0.081095301486376392 -0.080784525090035933 -0.080162972297355001 -0.069598742066589808 -0.059656064628505555 -0.039770709752337034 -0.029828032314252774 -0.0099426774380842586 0 0 0 0 0 0.017252486883802706 0.025878730325704057 0.043131217209506766 0.05175746065140812 0.069009947535210822 0.05175746065140812 0.043131217209506766 0.025878730325704057 0.017252486883802706 0 0 0 0 0 0 0 0 0.0067917925939876972 0.013583585187975394 0.027167170375950789 0.033039336004873833 0.03983112859886153 0.03983112859886153 0.033039336004873833 0.019455750816898439 0.013583585187975394 -0.0027888729322759331 -0.028741996578790889 -0.038322662105054521 -0.047903327631318153 -0.047903327631318153 -0.038322662105054521 -0.019161331052527261 -0.0095806655262636303 0 
-0.07177417684097305 -0.08202763067539777 -0.081406077882716851 -0.081095301486376392 -0.08047374869369546 -0.069909518462930281 -0.059656064628505555 -0.039770709752337034 -0.029828032314252774 -0.0099426774380842586 0 0 0 0 0 0.017252486883802706 0.017252486883802706 0.034504973767605411 0.043131217209506766 0.060383704093309475 0.043131217209506766 0.043131217209506766 0.025878730325704057 0.017252486883802706 0 0 0 0 0 0 0 0 0.0067917925939876972 0.013583585187975394 0.027167170375950789 0.033039336004873833 0.03211970903980918 0.03211970903980918 0.025327916445821483 0.011744331257846088 0.0058721656289230442 0.0067917925939876972 -0.019161331052527261 -0.028741996578790889 -0.038322662105054521 -0.038322662105054521 -0.038322662105054521 -0.019161331052527261 -0.0095806655262636303 0 
-0.051267269172123611 -0.061520723006548331 -0.06934505151497676 -0.069034275118636301 -0.068412722325955369 -0.057848492095190177 -0.047595038260765457 -0.042190818991094559 -0.032248141553010298 -0.012362786676841783 -0.0024201092387575243 -0.0024201092387575243 0 0 0 0.017252486883802706 0.017252486883802706 0.017252486883802706 0.025878730325704057 0.043131217209506766 0.025878730325704057 0.025878730325704057 0.025878730325704057 0.017252486883802706 0 0 0 0 0 0 0 0 0 0.0067917925939876972 0.020375377781963092 0.026247543410886136 0.025327916445821483 0.023488662515692177 0.01669686992170448 0.0031132847337290849 -0.0027588808951939602 -0.0018392539301293068 0 -0.0095806655262636303 -0.019161331052527261 -0.019161331052527261 -0.019161331052527261 -0.019161331052527261 -0.0095806655262636303 0 
-0.041013815337698892 -0.051267269172123611 -0.059091597680552041 -0.066915926188980457 -0.066294373396299539 -0.055730143165534346 -0.04547668933110962 -0.040072470061438721 -0.032248141553010298 -0.012362786676841783 -0.0024201092387575243 -0.0024201092387575243 0 0 0 0.017252486883802706 0.017252486883802706 0.017252486883802706 0.017252486883802706 0.034504973767605411 0.017252486883802706 0.017252486883802706 0.017252486883802706 0.017252486883802706 0 0 0 0 0 0 0 0 0 0 0.013583585187975394 0.019455750816898439 0.018536123851833786 0.01669686992170448 0.015777242956639827 0.0021936577686644315 -0.0036785078602586136 -0.0027588808951939602 -0.0009196269650646534 0 -0.0095806655262636303 -0.0095806655262636303 -0.0095806655262636303 -0.0095806655262636303 -0.0095806655262636303 0 
-0.020506907668849446 -0.030760361503274169 -0.038584690011702588 -0.046409018520131018 -0.062057675536987864 -0.051493445306222671 -0.041239991471797952 -0.035835772202127053 -0.02801144369369863 -0.012362786676841783 -0.0024201092387575243 -0.0024201092387575243 0 0 0 0.017252486883802706 0.017252486883802706 0.017252486883802706 0.017252486883802706 0.017252486883802706 0 0 0 0 0 0 0 0 0 0 0 0 0 0 0 0.0058721656289230442 0.0049525386638583913 0.0031132847337290849 0.0021936577686644315 0.00035440383853512468 -0.0055177617903879195 -0.0045981348253232666 -0.0027588808951939602 -0.0018392539301293068 0 0 0 0 0 0 
-0.010808438539341797 -0.02106189237376652 -0.028886220882194943 -0.036710549390623362 -0.052359206407480208 -0.046390986345653459 -0.03613753251122874 -0.030733313241557841 -0.022908984733129419 -0.007260327716272573 -0.0024201092387575243 -0.0024201092387575243 0 0 0 0 0 0 0 0 0.0054854143137289223 0.0054854143137289223 0.0054854143137289223 0.0054854143137289223 0.0054854143137289223 0 0 0 0 0 0 0 0 0 0 0 -0.0009196269650646534 -0.0027588808951939602 -0.0036785078602586136 -0.0055177617903879195 -0.0064373887554525725 -0.0055177617903879195 -0.0036785078602586136 -0.0027588808951939602 -0.0009196269650646534 0 0 0 0 0 
-0.010808438539341797 -0.016212657809012695 -0.024036986317441118 -0.031861314825869541 -0.047509971842726387 -0.041541751780899638 -0.038557641749986264 -0.033153422480315366 -0.025329093971886943 -0.0096804369550300973 -0.0048402184775150486 -0.0024201092387575243 0 0 0 0 0 0 0 0 0.0054854143137289223 0.0075706629200433789 0.0075706629200433789 0.0075706629200433789 0.0075706629200433789 0.0020852486063144566 0 0 0 0 0 0 0 0 0 0 0 -0.0018392539301293068 -0.0027588808951939602 -0.0045981348253232666 -0.0055177617903879195 -0.0055177617903879195 -0.0036785078602586136 -0.0027588808951939602 -0.0009196269650646534 0 0 0 0 0 
-0.010808438539341797 -0.016212657809012695 -0.021616877078683594 -0.029441205587112017 -0.045089862603968862 -0.039121642542142114 -0.03613753251122874 -0.030733313241557841 -0.022908984733129419 -0.007260327716272573 -0.0024201092387575243 0 0 0 0 0 0 0 0 0 0.0054854143137289223 0.0075706629200433789 0.011741160132672292 0.011741160132672292 0.011741160132672292 0.0062557458189433698 0.0041704972126289132 0 0 0 0 0 0 0 0 0 0 0 -0.0009196269650646534 -0.0027588808951939602 -0.0036785078602586136 -0.0036785078602586136 -0.0036785078602586136 -0.0027588808951939602 -0.0009196269650646534 0 0 0 0 0 
-0.010808438539341797 -0.016212657809012695 -0.021616877078683594 -0.021616877078683594 -0.03726553409554044 -0.031297314033713691 -0.028313204002800317 -0.022908984733129419 -0.022908984733129419 -0.007260327716272573 -0.0024201092387575243 0 0 0 0 0 0 0 0.0020852486063144566 0.0020852486063144566 0.0075706629200433789 0.0096559115263578355 0.013826408738986749 0.011741160132672292 0.011741160132672292 0.0062557458189433698 0.0041704972126289132 0 0 0 0 0 0 0 0 0 0 0 0 -0.0018392539301293068 -0.0027588808951939602 -0.0027588808951939602 -0.0027588808951939602 -0.0027588808951939602 -0.0009196269650646534 0 0 0 0 0 
-0.010808438539341797 -0.016212657809012695 -0.021616877078683594 -0.021616877078683594 -0.021616877078683594 -0.015648657016856846 -0.012664546985943471 -0.007260327716272573 -0.007260327716272573 -0.007260327716272573 -0.0024201092387575243 0 0 0 0 0 0 0 0.0020852486063144566 0.0062557458189433698 0.011741160132672292 0.013826408738986749 0.017996905951615662 0.015911657345301207 0.011741160132672292 0.0062557458189433698 0.0041704972126289132 0 0 0 0 0 0 0 0 0 0 0 0 0 -0.0009196269650646534 -0.0009196269650646534 -0.0009196269650646534 -0.0009196269650646534 -0.0009196269650646534 0 0 0 0 0 
0 -0.0054042192696708985 -0.010808438539341797 -0.010808438539341797 -0.010808438539341797 -0.010808438539341797 -0.0078243285084284228 -0.0024201092387575243 -0.0024201092387575243 -0.0024201092387575243 -0.0024201092387575243 0 0 0 0 0 0 0 0.0020852486063144566 0.0062557458189433698 0.0049408287178433607 0.0070260773241578173 0.01119657453678673 0.0091113259304722739 0.0049408287178433607 0.0062557458189433698 0.0041704972126289132 0 0 0 0 0 0 0 0 0 0 0 0 0 0 0 0 0 0 0 0 0 0 0 
0 0 -0.0054042192696708985 -0.0054042192696708985 -0.0054042192696708985 -0.0054042192696708985 -0.0054042192696708985 0 0 0 0 -0.0013123691062325582 -0.0013123691062325582 -0.0013123691062325582 -0.0013123691062325582 -0.0013123691062325582 0 0 0.0020852486063144566 0.0062557458189433698 0.0049408287178433607 0.0049408287178433607 0.0091113259304722739 0.0070260773241578173 0.0028555801115289037 0.0041704972126289132 0.0041704972126289132 0 0 0 0 0 0 0 0 0 0 0 0 0 0 0 0 0 0 0 0 0 0 0 
0 0 0 0 0 0 0 0 0 0 0 -0.0013123691062325582 -0.0039371073186976746 -0.0039371073186976746 -0.0039371073186976746 -0.0039371073186976746 -0.0026247382124651164 0 0.0020852486063144566 0.0062557458189433698 0.0049408287178433607 0.0049408287178433607 0.0049408287178433607 0.0028555801115289037 -0.0013149171011000095 0 0 0 0 0 0 0 0 0 0 0 0 0 0 0 0 0 0 0 0 0 0 0 0 0 
0 0 0 0 0 0 0 0 0 0 0 -0.0013123691062325582 -0.0039371073186976746 -0.0052494764249302328 -0.0052494764249302328 -0.0052494764249302328 -0.0039371073186976746 -0.0013123691062325582 0 0.0041704972126289132 0.0028555801115289037 0.0028555801115289037 0.0028555801115289037 0.0028555801115289037 -0.0013149171011000095 0 0 0 0 0 0 0 0 0 0 0 0 0 0 0 0 0 0 0 0 0 0 0 0 0 
0 0 0 0 0 0 0 0 0 0 0 -0.0013123691062325582 -0.0039371073186976746 -0.0052494764249302328 -0.0078742146373953492 -0.0078742146373953492 -0.006561845531162791 -0.0039371073186976746 -0.0026247382124651164 0 -0.0013149171011000095 -0.0013149171011000095 -0.0013149171011000095 -0.0013149171011000095 -0.0013149171011000095 0 0 0 0 0 0 0 0 0 0 0 0 0 0 0 0 0 0 0 0 0 0 0 0 0 
0 0 0 0 0 0 0 0 0 0 0 -0.0013123691062325582 -0.0039371073186976746 -0.0052494764249302328 -0.0078742146373953492 -0.010498952849860466 -0.0091865837436279074 -0.006561845531162791 -0.0052494764249302328 -0.0026247382124651164 0 0 0 0 0 0 0 0 0 0 0 0 0 0 0 0 0 0 0 0 0 0 0 0 0 0 0 0 0 0 
0 0 0 0 0 0 0 0 0 0 0 0 -0.0026247382124651164 -0.0039371073186976746 -0.006561845531162791 -0.0091865837436279074 -0.0091865837436279074 -0.006561845531162791 -0.0052494764249302328 -0.0026247382124651164 0 0 0 0 0 0 0 0 0 0 0 0 0 0 0 0 0 0 0 0 0 0 0 0 0 0 0 0 0 0 
0 0 0 0 0 0 0 0 0 0 0 0 0 -0.0013123691062325582 -0.0039371073186976746 -0.006561845531162791 -0.006561845531162791 -0.006561845531162791 -0.0052494764249302328 -0.0026247382124651164 0 0 0 0 0 0 0 0 0 0 0 0 0 0 0 0 0 0 0 0 0 0 0 0 0 0 0 0 0 0 
0 0 0 0 0 0 0 0 0 0 0 0 0 0 -0.0026247382124651164 -0.0052494764249302328 -0.0052494764249302328 -0.0052494764249302328 -0.0052494764249302328 -0.0026247382124651164 0 0 0 0 0 0 0 0 0 0 0 0 0 0 0 0 0 0 0 0 0 0 0 0 0 0 0 0 0 0 
0 0 0 0 0 0 0 0 0 0 0 0 0 0 0 -0.0026247382124651164 -0.0026247382124651164 -0.0026247382124651164 -0.0026247382124651164 -0.0026247382124651164 0 0 0 0 0 0 0 0 0 0 0 0 0 0 0 0 0 0 0 0 0 0 0 0 0 0 0 0 0 0 
0 0 0 0 0 0 0 0 0 0 0 0 0 0 0 0 0 0 0 0 0 0 0 0 0 0 0 0 0 0 0 0 0 0 0 0 0 0 0 0 0 0 0 0 0 0 0 0 0 0 
0 0 0 0 0 0 0 0 0 0 0 0 0 0 0 0 0 0 0 0 0 0 0 0 0 0 0 0 0 0 0 0 0 0 0 0 0 0 0 0 0 0 0 0 0 0 0 0 0 0 
0 0 0 0 0 0 0 0 0 0 0 0 0 0 0 0 0 0 0 0 0 0 0 0 0 0 0 0 0 0 0 0 -0.0068689279922497098 -0.0068689279922497098 -0.0068689279922497098 -0.0068689279922497098 -0.0068689279922497098 0 0 0 0 0 0 0 0 0 0 0 0 0 
0 0 0 0 0 0 0 0 0 0 0 0 0 0 0 0 0 0 0 0 0 0 0 0 0 0 0 0 0 0 0 0 -0.0068689279922497098 -0.01373785598449942 -0.01373785598449942 -0.01373785598449942 -0.01373785598449942 -0.0068689279922497098 0 0 0 0 0 0 0 0 0 0 0 0 
0 0 0 0 0 0 0 0 0 0 0 0 0 0 0 0 0 0 0 0 0 0 0 0 0 0 0 0 0 0 0 0 -0.0068689279922497098 -0.01373785598449942 -0.027475711968998839 -0.027475711968998839 -0.027475711968998839 -0.02060678397674913 -0.01373785598449942 0 0 0 0 0 0 0 0 0 0 0 
0 0 0 0 0 0 0 0 0 0 0 0 0 0 0 0 0 0 0 0 0 0 0 0 0 0 0 0 0 0 -0.01373785598449942 -0.01373785598449942 -0.02060678397674913 -0.027475711968998839 -0.041213567953498259 -0.027475711968998839 -0.027475711968998839 -0.02060678397674913 -0.01373785598449942 0 0 0 0 0 0 0 0 0 0 0 
0 0 0 0 0 0 0 0 0 0 0 0 0 0 0 0 0 0 0 0 0 -0.0064051975911060743 -0.0064051975911060743 -0.0064051975911060743 -0.0064051975911060743 -0.0064051975911060743 0 0 0 0 -0.01373785598449942 -0.02060678397674913 -0.027475711968998839 -0.034344639961248549 -0.048082495945747969 -0.034344639961248549 -0.027475711968998839 -0.02060678397674913 -0.01373785598449942 0 0 0 0 0 0 0 0 0 0 0 
0 0 0 0 0 0 0 0 0 0 0 0 0 0 0 0 0 -0.012810395182212149 -0.012810395182212149 -0.012810395182212149 -0.012810395182212149 -0.019215592773318222 -0.0064051975911060743 -0.0064051975911060743 -0.0064051975911060743 -0.0064051975911060743 0 0 0 0 -0.01373785598449942 -0.02060678397674913 -0.027475711968998839 -0.034344639961248549 -0.048082495945747969 -0.034344639961248549 -0.027475711968998839 -0.02060678397674913 -0.01373785598449942 0 0 0 0 0 0 0 0 0 0 0 
0 0 0 0 0 0 0 0 0 0 0 0 0 0 0 0 0 -0.012810395182212149 -0.019215592773318222 -0.019215592773318222 -0.019215592773318222 -0.025620790364424297 -0.012810395182212149 -0.0064051975911060743 -0.0064051975911060743 -0.0064051975911060743 0 0 0 0 -0.01373785598449942 -0.02060678397674913 -0.027475711968998839 -0.027475711968998839 -0.041213567953498259 -0.027475711968998839 -0.02060678397674913 -0.01373785598449942 -0.01373785598449942 0 0 0 0 0 0 0 0 0 0 0 
0 0 0 0 0 0 0 0 0 0 0 0 0 0 0 0 0 -0.012810395182212149 -0.019215592773318222 -0.032025987955530369 -0.032025987955530369 -0.038431185546636444 -0.025620790364424297 -0.019215592773318222 -0.0064051975911060743 -0.0064051975911060743 0 0 0 0 -0.01373785598449942 -0.02060678397674913 -0.027475711968998839 -0.027475711968998839 -0.027475711968998839 -0.01373785598449942 -0.0068689279922497098 0 0 0 0 0 0 0 0 0 0 0 0 0 
0 0 0 0 0 0 0 0 0 0 0 0 0 0 0 0 0 -0.012810395182212149 -0.019215592773318222 -0.032025987955530369 -0.044836383137742519 -0.051241580728848594 -0.038431185546636444 -0.032025987955530369 -0.019215592773318222 -0.0064051975911060743 0 0 0 0 0 -0.0068689279922497098 -0.01373785598449942 -0.01373785598449942 -0.01373785598449942 -0.01373785598449942 -0.0068689279922497098 0 0 0 0 0 0 0 0 0 0 0 0 0 
0 0 0 0 0 0 0 0 0 0 0 0 0 0 0 0 0 -0.012810395182212149 -0.019215592773318222 -0.032025987955530369 -0.044836383137742519 -0.044836383137742519 -0.032025987955530369 -0.025620790364424297 -0.012810395182212149 0 0 0 0 0 0 0 -0.0068689279922497098 -0.0068689279922497098 -0.0068689279922497098 -0.0068689279922497098 -0.0068689279922497098 0 0 0 0 0 0 0 0 0 0 0 0 0 
0 0 0 0 0 0 0 0 0 0 0 0 0 0 0 0 0 0 -0.0064051975911060743 -0.019215592773318222 -0.032025987955530369 -0.032025987955530369 -0.032025987955530369 -0.025620790364424297 -0.012810395182212149 0 0 0 0 0 0 0 0 0 0 0 0 0 0 0 0 0 0 0 0 0 0 0 0 0 
0 0 0 0 0 0 0 0 0 0 0 0 0 0 0 0 0 0 0 -0.012810395182212149 -0.025620790364424297 -0.025620790364424297 -0.025620790364424297 -0.025620790364424297 -0.012810395182212149 0 0 0 0 0 0 0 0 0 0 0 0 0 0 0 0 0 0 0 0 0 0 0 0 0 
0 0 0 0 0 0 0 0 0 0 0 0 0 0 0 0 0 0 0 0 -0.012810395182212149 -0.012810395182212149 -0.012810395182212149 -0.012810395182212149 -0.012810395182212149 0 0 0 0 0 0 0 0 0 0 0 0 0 0 0 0 0 0 0 0 0 0 0 0 0 
